第二题图一数据：
x_exist = [4 ; 9 ; 14 ; 25 ; 123 ; 78 ; 84 ; 159 ; 245 ; 256 ; 356 ; 452] ;  % 已经存在的树的x坐标
y_exist = [8 ; 2.5 ; 13 ; 25 ; 456 ; 45 ; 45 ; 159 ; 245 ; 256 ; 356 ; 425] ;  % 已经存在的树的y坐标

第二题图二数据：
% 已经存在的树的x坐标
x_exist = [488; 89; 167; 120; 153; 293; 177; 207; 35; 308; 406; 468; 139; 53; 50; 81; 15; 227; 40; 52; 174; 195; 377; 173; 24; 411; 497; 353; 106; 471; 421; 169; 317; 377; 306; 113; 27; 370; 76; 72; 262; 389; 97; 190; 482; 149; 238; 312; 75; 216; 416; 322; 64; 386; 462; 488; 373; 192; 187; 456; 219; 318; 386; 65; 444; 236; 413; 115; 409; 446; 121; 260; 419; 169; 21; 149; 414; 411; 348; 96; 411; 139; 104; 30; 26];
% 已经存在的树的y坐标
y_exist = [255; 244; 33; 36; 170; 170; 234; 240; 315; 301; 93; 276; 143; 457; 48; 247; 6; 220; 343; 17; 216; 244; 327; 27; 68; 177; 263; 259; 60; 340; 41; 340; 480; 2; 461; 480; 185; 277; 398; 382; 19; 302; 197; 389; 348; 298; 440; 403; 21; 456; 409; 328; 6; 229; 342; 445; 216; 386; 171; 493; 308; 79; 379; 289; 222; 76; 9; 241; 396; 137; 455; 91; 330; 76; 105; 16; 333; 312; 5; 406; 100; 320; 294; 86; 394];

